-star01 =   100.004890    20.000574     0.00   2, 3, 4, 5, 6, 7, 8, 9,10,11,12,13,14,15,16,17,18
-star02 =   100.002631    20.002505     0.00   1, 3, 4, 5, 6, 7, 8, 9,10,11,12,13,14,15,16,17,18
-star03 =   100.004260    20.006866     0.00   1, 2, 4, 5, 6, 7, 8, 9,10,11,12,13,14,15,16,17,18
-star04 =   100.007106    20.005711     0.00   1, 2, 3, 5, 6, 7, 8, 9,10,11,12,13,14,15,16,17,18
-star05 =   100.010047    20.003010     0.00   1, 2, 3, 4, 6, 7, 8, 9,10,11,12,13,14,15,16,17,18
-star06 =   100.007256    20.000468     0.00   1, 2, 3, 4, 5, 7, 8, 9,10,11,12,13,14,15,16,17,18
-star07 =   100.002131    19.997047     0.00   1, 2, 3, 4, 5, 6, 8, 9,10,11,12,13,14,15,16,17,18
-star08 =    99.999945    19.999966     0.00   1, 2, 3, 4, 5, 6, 7, 9,10,11,12,13,14,15,16,17,18
-star09 =    99.998442    20.003057     0.00   1, 2, 3, 4, 5, 6, 7, 8,10,11,12,13,14,15,16,17,18
-star10 =    99.999741    20.006873     0.00   1, 2, 3, 4, 5, 6, 7, 8, 9,11,12,13,14,15,16,17,18
-star11 =   100.001435    20.009569     0.00   1, 2, 3, 4, 5, 6, 7, 8, 9,10,12,13,14,15,16,17,18
-star12 =   100.005747    20.009544     0.00   1, 2, 3, 4, 5, 6, 7, 8, 9,10,11,13,14,15,16,17,18
-star13 =   100.009361    20.009399     0.00   1, 2, 3, 4, 5, 6, 7, 8, 9,10,11,12,14,15,16,17,18
-star14 =   100.010957    20.007220     0.00   1, 2, 3, 4, 5, 6, 7, 8, 9,10,11,12,13,15,16,17,18
-star15 =   100.014083    20.003001     0.00   1, 2, 3, 4, 5, 6, 7, 8, 9,10,11,12,13,14,16,17,18
-star16 =   100.011436    19.999787     0.00   1, 2, 3, 4, 5, 6, 7, 8, 9,10,11,12,13,14,15,17,18
-star17 =   100.009142    19.997030     0.00   1, 2, 3, 4, 5, 6, 7, 8, 9,10,11,12,13,14,15,16,18
-star18 =   100.006016    19.996819     0.00   1, 2, 3, 4, 5, 6, 7, 8, 9,10,11,12,13,14,15,16,17
