-star01 =    29.988913    50.000165     0.00   2,  3,  4,  5,  6,  7,  8,  9, 10, 11, 12, 13, 14, 15, 16, 17, 18
-star02 =    29.991822    50.003188     0.00   1,  3,  4,  5,  6,  7,  8,  9, 10, 11, 12, 13, 14, 15, 16, 17, 18
-star03 =    29.991429    49.997040     0.00   1,  2,  4,  5,  6,  7,  8,  9, 10, 11, 12, 13, 14, 15, 16, 17, 18
-star04 =    29.994207    50.005915     0.00   1,  2,  3,  5,  6,  7,  8,  9, 10, 11, 12, 13, 14, 15, 16, 17, 18
-star05 =    29.994457    50.000060     0.00   1,  2,  3,  4,  6,  7,  8,  9, 10, 11, 12, 13, 14, 15, 16, 17, 18
-star06 =    29.994154    49.993930     0.00   1,  2,  3,  4,  5,  7,  8,  9, 10, 11, 12, 13, 14, 15, 16, 17, 18
-star07 =    29.997363    50.003025     0.00   1,  2,  3,  4,  5,  6,  8,  9, 10, 11, 12, 13, 14, 15, 16, 17, 18
-star08 =    29.997061    49.996914     0.00   1,  2,  3,  4,  5,  6,  7,  9, 10, 11, 12, 13, 14, 15, 16, 17, 18
-star09 =    30.000278    50.006163     0.00   1,  2,  3,  4,  5,  6,  7,  8, 10, 11, 12, 13, 14, 15, 16, 17, 18
-star10 =    29.999910    49.993897     0.00   1,  2,  3,  4,  5,  6,  7,  8,  9, 11, 12, 13, 14, 15, 16, 17, 18
-star11 =    30.002697    50.002905     0.00   1,  2,  3,  4,  5,  6,  7,  8,  9, 10, 12, 13, 14, 15, 16, 17, 18
-star12 =    30.002604    49.996809     0.00   1,  2,  3,  4,  5,  6,  7,  8,  9, 10, 11, 13, 14, 15, 16, 17, 18
-star13 =    30.005789    50.005981     0.00   1,  2,  3,  4,  5,  6,  7,  8,  9, 10, 11, 12, 14, 15, 16, 17, 18
-star14 =    30.005515    49.999850     0.00   1,  2,  3,  4,  5,  6,  7,  8,  9, 10, 11, 12, 13, 15, 16, 17, 18
-star15 =    30.005209    49.993682     0.00   1,  2,  3,  4,  5,  6,  7,  8,  9, 10, 11, 12, 13, 14, 16, 17, 18
-star16 =    30.008423    50.002853     0.00   1,  2,  3,  4,  5,  6,  7,  8,  9, 10, 11, 12, 13, 14, 15, 17, 18
-star17 =    30.008119    49.996723     0.00   1,  2,  3,  4,  5,  6,  7,  8,  9, 10, 11, 12, 13, 14, 15, 16, 18
-star18 =    30.011217    49.999914     0.00   1,  2,  3,  4,  5,  6,  7,  8,  9, 10, 11, 12, 13, 14, 15, 16, 17
